43.4795 -80.51919
43.48453166666667 -80.51779333333333
43.48448 -80.51839833333334
43.48438 -80.51909
43.48395333333333 -80.51894833333333
43.483488333333334 -80.5184333333333
43.48306 -80.518
43.48261 -80.51756
43.48211 -80.51738
43.48162 -80.51736
43.48106 -80.5173
43.48055 -80.51701
43.480021666666666 -80.51653
43.47956166666667 -80.51612166666666
43.479326666666665 -80.5163716666666
43.47914 -80.51675833333333
43.47897 -80.51714
43.47883 -80.51752833333333
43.47869 -80.51791666666666
43.47855166666667 -80.518305
43.4784 -80.51873
43.478255 -80.519115
43.478105 -80.51949666666667
43.47808333333333 -80.51984166666666
43.478365 -80.52011833333333
43.47865 -80.52039666666667
43.47890666666667 -80.52064166666666
43.479166666666664 -80.5208783333333
43.479355 -80.52081666666666
43.479475 -80.52055166666666
43.47935 -80.52025
43.47936166666667 -80.51955166666667
43.4795 -80.51919
43.4795 -80.51919
43.4795 -80.51919
43.4795 -80.51919
43.4795 -80.51919
43.4795 -80.51919
43.4795 -80.51919
43.4795 -80.51919
43.4795 -80.51919
43.4795 -80.51919
43.4795 -80.51919
43.4795 -80.51919
43.4795 -80.51919
43.4795 -80.51919
43.4795 -80.51919
43.4795 -80.51919
43.4795 -80.51919
43.4795 -80.51919
43.4795 -80.51919
43.4795 -80.51919
43.4795 -80.51919
43.4795 -80.51919
43.4795 -80.51919
43.4795 -80.51919
43.4795 -80.51919
43.4795 -80.51919
43.4795 -80.51919
43.4795 -80.51919
43.4795 -80.51919
43.4795 -80.51919
43.4795 -80.51919
43.4795 -80.51919
43.4795 -80.51919
43.4795 -80.51919
43.4795 -80.51919
43.4795 -80.51919
43.4795 -80.51919
43.4795 -80.51919
43.4795 -80.51919
43.4795 -80.51919
43.4795 -80.51919
43.4795 -80.51919
43.4795 -80.51919
43.4795 -80.51919
43.4795 -80.51919
43.4795 -80.51919
43.4795 -80.51919
43.4795 -80.51919
43.4795 -80.51919
43.4795 -80.51919
43.4795 -80.51919
43.4795 -80.51919
43.4795 -80.51919
43.4795 -80.51919
43.4795 -80.51919
43.4795 -80.51919
43.4795 -80.51919
43.4795 -80.51919
43.4795 -80.51919
43.4795 -80.51919
43.4795 -80.51919
43.4795 -80.51919
43.4795 -80.51919
43.4795 -80.51919
43.4795 -80.51919
43.4795 -80.51919
43.4795 -80.51919
43.4795 -80.51919
43.4795 -80.51919
43.4795 -80.51919
43.4795 -80.51919
43.4795 -80.51919
43.4795 -80.51919
43.4795 -80.51919
43.4795 -80.51919
43.4795 -80.51919
43.4795 -80.51919
43.4795 -80.51919
43.4795 -80.51919
43.4795 -80.51919
43.4795 -80.51919
43.4795 -80.51919
43.4795 -80.51919
43.4795 -80.51919
43.4795 -80.51919
43.4795 -80.51919
43.4795 -80.51919
43.4795 -80.51919
43.4795 -80.51919
43.4795 -80.51919
43.4795 -80.51919
43.4795 -80.51919
43.4795 -80.51919
43.4795 -80.51919
43.4795 -80.51919
43.4795 -80.51919
43.4795 -80.51919
43.4795 -80.51919
43.4795 -80.51919
43.4795 -80.51919
43.4795 -80.51919
43.4795 -80.51919
43.4795 -80.51919
43.4795 -80.51919
43.4795 -80.51919
43.4795 -80.51919
43.4795 -80.51919
43.4795 -80.51919
43.4795 -80.51919
43.4795 -80.51919
43.4795 -80.51919
43.4795 -80.51919
43.4795 -80.51919
43.4795 -80.51919
43.4795 -80.51919
43.4795 -80.51919
43.4795 -80.51919
43.4795 -80.51919
43.4795 -80.51919
43.4795 -80.51919
43.4795 -80.51919
43.4795 -80.51919
43.4795 -80.51919
43.4795 -80.51919
43.4795 -80.51919
43.4795 -80.51919
43.4795 -80.51919
43.4795 -80.51919
43.4795 -80.51919
43.4795 -80.51919
43.4795 -80.51919
43.4795 -80.51919
43.4795 -80.51919
43.4795 -80.51919
43.4795 -80.51919
43.4795 -80.51919
43.4795 -80.51919
43.4795 -80.51919
43.4795 -80.51919
43.4795 -80.51919
43.4795 -80.51919
43.4795 -80.51919
43.4795 -80.51919
43.4795 -80.51919
43.4795 -80.51919
43.4795 -80.51919
43.4795 -80.51919
43.4795 -80.51919
43.4795 -80.51919
43.4795 -80.51919
43.4795 -80.51919
43.4795 -80.51919
43.4795 -80.51919
43.4795 -80.51919
43.4795 -80.51919
43.4795 -80.51919
43.4795 -80.51919
43.4795 -80.51919
43.4795 -80.51919
43.4795 -80.51919
43.4795 -80.51919
43.4795 -80.51919
43.4795 -80.51919
43.4795 -80.51919
43.4795 -80.51919
43.4795 -80.51919
43.4795 -80.51919
43.4795 -80.51919
43.4795 -80.51919
43.4795 -80.51919
43.4795 -80.51919
43.4795 -80.51919
43.4795 -80.51919
43.4795 -80.51919
43.4795 -80.51919
43.4795 -80.51919
43.4795 -80.51919
43.4795 -80.51919
43.4795 -80.51919
43.4795 -80.51919
43.4795 -80.51919
43.4795 -80.51919
43.4795 -80.51919
43.4795 -80.51919
43.4795 -80.51919
43.4795 -80.51919
43.4795 -80.51919
43.4795 -80.51919
43.4795 -80.51919
43.4795 -80.51919
43.4795 -80.51919
43.4795 -80.51919
43.4795 -80.51919
43.4795 -80.51919
43.4795 -80.51919
43.4795 -80.51919
43.4795 -80.51919
43.4795 -80.51919
43.4795 -80.51919
43.4795 -80.51919
43.4795 -80.51919
43.4795 -80.51919
43.4795 -80.51919
43.4795 -80.51919
43.4795 -80.51919
43.4795 -80.51919
43.4795 -80.51919
43.4795 -80.51919
43.4795 -80.51919
43.4795 -80.51919
43.4795 -80.51919
43.4795 -80.51919
43.4795 -80.51919
43.4795 -80.51919
43.4795 -80.51919
43.4795 -80.51919
43.4795 -80.51919
43.4795 -80.51919
43.4795 -80.51919
43.4795 -80.51919
43.4795 -80.51919
43.4795 -80.51919
43.4795 -80.51919
43.4795 -80.51919
43.4795 -80.51919
43.4795 -80.51919
43.4795 -80.51919
43.4795 -80.51919
43.4795 -80.51919
43.4795 -80.51919
43.4795 -80.51919
43.4795 -80.51919
43.4795 -80.51919
43.4795 -80.51919
43.4795 -80.51919
43.4795 -80.51919
43.4795 -80.51919
43.4795 -80.51919